1688641152185 0.20314285159111023 0
1688641156255 0.2032500058412552 1
1688641160170 0.2032500058412552 2
1688641164023 0.2032500058412552 3
1688641167889 0.2032500058412552 4
1688641171906 0.2032500058412552 5
1688641176558 0.2032500058412552 6
1688641180581 0.2032500058412552 7
1688641184514 0.2032500058412552 8
1688641188394 0.2032500058412552 9
1688641192244 0.2032500058412552 10
1688641196077 0.2032500058412552 11
1688641199911 0.2032500058412552 12
1688641203757 0.2032500058412552 13
1688641207800 0.2032500058412552 14
1688641212274 0.2032500058412552 15
1688641216158 0.2032500058412552 16
1688641220047 0.2032500058412552 17
1688641223927 0.2032500058412552 18
1688641227825 0.2032500058412552 19
1688641231701 0.2032500058412552 20
1688641235578 0.2032500058412552 21
1688641239485 0.2032500058412552 22
1688641243398 0.2032500058412552 23
1688641247309 0.2032500058412552 24
1688641251240 0.2032500058412552 25
1688641255162 0.2032500058412552 26
