1688641152185 0.09508359432220459 0
1688641156255 0.06213894486427307 1
1688641160170 0.06213952228426933 2
1688641164023 0.06213890016078949 3
1688641167889 0.06213856860995293 4
1688641171906 0.06213845685124397 5
1688641176558 0.06213916093111038 6
1688641180581 0.06213875114917755 7
1688641184514 0.062139011919498444 8
1688641188394 0.06213918700814247 9
1688641192244 0.06213849037885666 10
1688641196077 0.06213856860995293 11
1688641199911 0.06213875487446785 12
1688641203757 0.06213921308517456 13
1688641207800 0.06213931366801262 14
1688641212274 0.06213930994272232 15
1688641216158 0.062138788402080536 16
1688641220047 0.062139131128787994 17
1688641223927 0.062138598412275314 18
1688641227825 0.06213948875665665 19
1688641231701 0.06213913485407829 20
1688641235578 0.06213885918259621 21
1688641239485 0.062138646841049194 22
1688641243398 0.06213950738310814 23
1688641247309 0.06213817000389099 24
1688641251240 0.06213931366801262 25
1688641255162 0.06213919073343277 26
