1688641444227 0.20314285159111023 0
1688641448289 0.2032500058412552 1
1688641452291 0.2032500058412552 2
1688641456173 0.2032500058412552 3
1688641460043 0.2032500058412552 4
1688641463959 0.2032500058412552 5
1688641467864 0.2032500058412552 6
1688641471762 0.2032500058412552 7
1688641475640 0.2032500058412552 8
1688641479527 0.2032500058412552 9
1688641483435 0.2032500058412552 10
1688641487365 0.2032500058412552 11
1688641491304 0.2032500058412552 12
1688641495239 0.2032500058412552 13
1688641499141 0.2032500058412552 14
1688641503086 0.2032500058412552 15
1688641507019 0.2032500058412552 16
1688641510928 0.2032500058412552 17
1688641514860 0.2032500058412552 18
1688641518797 0.2032500058412552 19
1688641522674 0.2032500058412552 20
1688641526578 0.2032500058412552 21
1688641530469 0.2032500058412552 22
1688641534388 0.2032500058412552 23
1688641538361 0.2032500058412552 24
1688641542317 0.2032500058412552 25
1688641546220 0.2032500058412552 26
1688641550109 0.2032500058412552 27
1688641554064 0.2032500058412552 28
1688641557985 0.2032500058412552 29
1688641561900 0.2032500058412552 30
1688641565818 0.2032500058412552 31
1688641569721 0.2032500058412552 32
1688641573658 0.2032500058412552 33
1688641577604 0.2032500058412552 34
1688641581549 0.2032500058412552 35
1688641585461 0.2032500058412552 36
1688641589374 0.2032500058412552 37
1688641593314 0.2032500058412552 38
1688641597256 0.2032500058412552 39
1688641601199 0.2032500058412552 40
1688641605166 0.2032500058412552 41
1688641609112 0.2032500058412552 42
1688641613044 0.2032500058412552 43
1688641617017 0.2032500058412552 44
1688641620937 0.2032500058412552 45
1688641624865 0.2032500058412552 46
1688641628807 0.2032500058412552 47
1688641632757 0.2032500058412552 48
1688641636685 0.2032500058412552 49
