1688641444227 0.09537945687770844 0
1688641448289 0.06213904172182083 1
1688641452291 0.06213938072323799 2
1688641456173 0.06213940680027008 3
1688641460043 0.062139060348272324 4
1688641463959 0.06213918328285217 5
1688641467864 0.062139298766851425 6
1688641471762 0.06213858351111412 7
1688641475640 0.06213878095149994 8
1688641479527 0.06213895231485367 9
1688641483435 0.062138546258211136 10
1688641487365 0.06213953346014023 11
1688641491304 0.06213763728737831 12
1688641495239 0.0621388778090477 13
1688641499141 0.06213908642530441 14
1688641503086 0.062139108777046204 15
1688641507019 0.06213957071304321 16
1688641510928 0.062138352543115616 17
1688641514860 0.06213924288749695 18
1688641518797 0.06213897094130516 19
1688641522674 0.06213919818401337 20
1688641526578 0.0621391236782074 21
1688641530469 0.06213934347033501 22
1688641534388 0.062139008194208145 23
1688641538361 0.06213945150375366 24
1688641542317 0.06213875114917755 25
1688641546220 0.062138646841049194 26
1688641550109 0.06213827058672905 27
1688641554064 0.062139321118593216 28
1688641557985 0.06213892623782158 29
1688641561900 0.06213846802711487 30
1688641565818 0.06213902682065964 31
1688641569721 0.06213846430182457 32
1688641573658 0.062138985842466354 33
1688641577604 0.06213919445872307 34
1688641581549 0.062139157205820084 35
1688641585461 0.06213897839188576 36
1688641589374 0.06213844195008278 37
1688641593314 0.06213942542672157 38
1688641597256 0.06213881075382233 39
1688641601199 0.06213982030749321 40
1688641605166 0.06213869899511337 41
1688641609112 0.06213925778865814 42
1688641613044 0.06213901937007904 43
1688641617017 0.062137965112924576 44
1688641620937 0.06213945150375366 45
1688641624865 0.06213890388607979 46
1688641628807 0.062138788402080536 47
1688641632757 0.062138594686985016 48
1688641636685 0.062138840556144714 49
