1688653302299 0.20303571224212646 0
1688653306525 0.2032500058412552 1
1688653310474 0.2032500058412552 2
1688653314392 0.2032500058412552 3
1688653318500 0.2032500058412552 4
1688653322459 0.2032500058412552 5
1688653326424 0.2032500058412552 6
1688653330374 0.2032500058412552 7
1688653334458 0.2032500058412552 8
1688653338489 0.2032500058412552 9
1688653342648 0.2032500058412552 10
1688653346641 0.2032500058412552 11
1688653350602 0.2032500058412552 12
1688653354690 0.2032500058412552 13
1688653358690 0.2032500058412552 14
1688653362661 0.2032500058412552 15
1688653366623 0.2032500058412552 16
1688653370564 0.2032500058412552 17
1688653374582 0.2032500058412552 18
1688653378937 0.2032500058412552 19
1688653382969 0.2032500058412552 20
1688653387102 0.2032500058412552 21
1688653391157 0.2032500058412552 22
1688653395486 0.2032500058412552 23
1688653399632 0.2032500058412552 24
1688653403693 0.2032500058412552 25
1688653407924 0.2032500058412552 26
1688653412256 0.2032500058412552 27
1688653417080 0.2032500058412552 28
1688653421966 0.2032500058412552 29
1688653426796 0.2032500058412552 30
1688653431714 0.2032500058412552 31
1688653436251 0.2032500058412552 32
1688653440744 0.2032500058412552 33
1688653445549 0.2032500058412552 34
1688653449974 0.2032500058412552 35
1688653454312 0.2032500058412552 36
1688653458483 0.2032500058412552 37
1688653462977 0.2032500058412552 38
1688653467193 0.2032500058412552 39
1688653471519 0.2032500058412552 40
1688653475662 0.2032500058412552 41
1688653480023 0.2032500058412552 42
1688653484782 0.2032500058412552 43
1688653488912 0.2032500058412552 44
1688653493151 0.2032500058412552 45
1688653497739 0.2032500058412552 46
1688653502207 0.2032500058412552 47
1688653506355 0.2032500058412552 48
1688653511011 0.2032500058412552 49
