1688653302299 0.094988152384758 0
1688653306525 0.062139272689819336 1
1688653310474 0.062138382345438004 2
1688653314392 0.062139082700014114 3
1688653318500 0.06213920935988426 4
1688653322459 0.06213952600955963 5
1688653326424 0.0621383972465992 6
1688653330374 0.062139082700014114 7
1688653334458 0.062138594686985016 8
1688653338489 0.062139447778463364 9
1688653342648 0.06213907152414322 10
1688653346641 0.06213903799653053 11
1688653350602 0.06213876232504845 12
1688653354690 0.06213866174221039 13
1688653358690 0.06213926151394844 14
1688653362661 0.06213906779885292 15
1688653366623 0.06213882938027382 16
1688653370564 0.062139615416526794 17
1688653374582 0.06213957071304321 18
1688653378937 0.06213918700814247 19
1688653382969 0.062139175832271576 20
1688653387102 0.06213946267962456 21
1688653391157 0.06213916838169098 22
1688653395486 0.06213879957795143 23
1688653399632 0.06213882565498352 24
1688653403693 0.062139224261045456 25
1688653407924 0.06213931739330292 26
1688653412256 0.0621391162276268 27
1688653417080 0.06213883310556412 28
1688653421966 0.062139201909303665 29
1688653426796 0.06213881075382233 30
1688653431714 0.06213930994272232 31
1688653436251 0.06213952600955963 32
1688653440744 0.062138695269823074 33
1688653445549 0.0621383935213089 34
1688653449974 0.06213885173201561 35
1688653454312 0.062138982117176056 36
1688653458483 0.06213872879743576 37
1688653462977 0.0621391162276268 38
1688653467193 0.06213913857936859 39
1688653471519 0.06213909760117531 40
1688653475662 0.062138598412275314 41
1688653480023 0.06213805824518204 42
1688653484782 0.06213941425085068 43
1688653488912 0.06213872879743576 44
1688653493151 0.06213914602994919 45
1688653497739 0.06213904172182083 46
1688653502207 0.06213779374957085 47
1688653506355 0.062138672918081284 48
1688653511011 0.062138840556144714 49
